3435348759
3549684347
3348018743
3501488924
3615981119
3581359359
3385652276
3501492359
3596181756
3563628132
3501489871
3597540657
3465492297
3616677575
3504256103
3291527014
3615440974
3501490546
3566475491
3611152119
3596186346
3615444628
3534575354
3596183526
3501492384
3615443705
3615443693
3505847186
3505848522
3618774568
3618710849
3616397081
3596184363
3527919933
3500496023
3615445398
3612363062
3613015801
3501490547
3596185354
3596185339
3564953668
3615441840
3591335141
3611157396
3613000903
3596185365
3381808821
3596187216
3596185381
3501490545
3613036366
3501487993
3613619927
3612425350
3595139064
3501489831
3532259237
3597535467
3612357068
3616356458
3533821281
3598166014
3616919236
3613067935
3613033550
3613007296
3618598049
3567602610
3616358427
3563627250
3604055057
3581357498
3618030556
3613004978
3419657011
3595870855
3472908136
3619136832
3612373863
3598069105
3596183544
3613036365
3598163611
3612331657
3611772553
3501491590
3596183504
3567384886
3597025652
3615440966
3613019109
3616652309
3618863168
3619138726
3618715143
3612378648
3581362107
3619115491
3618860523
3325517786
3615441838
3613001753
3612399804
3613940881
3619178463
3598503981
3612387505
3501488757
3613002688
3562673289
3613068880
3618844096
3612361891
3562670785
3615446326
3596182554
3613069857
3615441860
3618031372
3619346736
3325521231
3613001752
3612384745
3535029716
3613604374
3501493309
3325519412
3607034921
3604721537
3619143025
3505697121
3596453115
3613939942
3564379738
3533822164
3618731074
3619142129
3612378364
3616369401
3597094510
3615442768
3618879270
3612371503
3616613916
3617400105
3619140383
3613038261
3616631122
3612358666
3565577732
3563868696
3598567567
3161096290
3616916722
3613064983
3501490569
3501495058
3618741602
3607038218
3561017868
3617000090
3613004484
3596181798
3596451408
3597712356
3500604600
3570022388
3616695859
3616611484
3616619644
3465478128
3535002144
3597359277
3501488727
3500357013
3534243945
3501495133
3501494311
3612340337
3612384471
3348482372
3501490552
3618560395
3596182492
3615443692
3616618653
3616621590
3233370384
3404092419
3592870948
3566800905
3615443730
3616624466
3534850873
3616642111
3615446327
3325516740
3596182580
3501228384
3501489950
3539573532
3440293048
3568232232
3617419734
3619142124
3615446328
3598097579
3615444639
3615440975
3568237021
3598274109
3612351520
3415040569
3609422908
3597356993
3615445403
3550279350
3597532236
3501492361
3612384630
3612399790
3505849233
3563871236
3616634164
3325514935
3325523051
3500830382
3613004271
3613606600
3619342127
3325519525
3615443717
3615440967
3576123887
3613008302
3618076093
3612387744
3615440968
3615441866
3597325127
3563872842
3325318787
3616619640
3618568332
3532867104
3561459806
3598094796
3616648934
3616619642
3325522218
3507533883
3584718976
3325522074
3612376299
3611795143
3557561513
3325515825
3325518435
3501490568
3151489191
3615446331
3616388541
3569194662
3569192924
3539574456
3616692789
3615445407
3612323197
3613607405
3563470688
3598066773
3566108155
3325519554
3325520457
3325521451
3615445418
3561469301
3613012020
3579593692
3616624480
3609643976
3534576089
3612356730
3598100542
3533766754
3560264946
3613081534
3611791158
3616619608
3616621578
3611790251
3612358333
3619340058
3611164168
3613005451
3618076091
3616699407
3617003048
3617001247
3616380465
3616375762
3596660504
3612352054
3616699489